      0/49     1.08G   0.07981   0.01471   0.02997    0.1245         7       640   0.04092    0.2642   0.06015    0.0152    0.1043   0.02161   0.03043
      1/49     14.4G   0.06135    0.0131   0.01848   0.09293        18       640    0.8297    0.2406    0.2482   0.08339   0.09644   0.01892   0.02732
      2/49     14.4G   0.05661   0.01192    0.0154   0.08393         4       640    0.6145    0.4628    0.4865    0.2717     0.079   0.01932   0.02225
      3/49     14.4G   0.05136   0.01131   0.01123    0.0739         0       640    0.5497      0.69    0.6378    0.3327   0.07447   0.01703   0.02044
      4/49     14.4G    0.0494   0.01017  0.009796   0.06936        14       640    0.6183    0.7517    0.7217    0.3565   0.07327   0.01561   0.01768
      5/49     14.4G   0.04998  0.009226  0.009324   0.06853         2       640    0.7222    0.5867    0.6693    0.3688   0.07687   0.01477   0.01649
      6/49     14.4G   0.04896  0.009101  0.008443   0.06651        11       640    0.6681     0.784    0.7662    0.4081   0.07475   0.01422   0.01622
      7/49     14.4G   0.04639  0.008975  0.007776   0.06315         7       640    0.6942    0.7274    0.7685    0.4144   0.06766   0.01484   0.01497
      8/49     14.4G    0.0453  0.008879  0.007404   0.06159         0       640    0.6283    0.7334    0.7483    0.4071   0.06934   0.01511   0.01518
      9/49     14.4G   0.04523  0.009106  0.006988   0.06132         4       640    0.7872    0.6716    0.7766     0.416   0.06855   0.01489   0.01403
     10/49     14.4G   0.04451  0.008767   0.00692    0.0602         5       640    0.6243    0.8358    0.7971    0.4466   0.07083   0.01386   0.01495
     11/49     14.4G   0.04233  0.008583  0.005966   0.05688         2       640    0.7755    0.7778    0.8104    0.4731   0.06629   0.01379   0.01334
     12/49     14.4G   0.04022  0.008619  0.005749   0.05459         7       640    0.7883     0.846    0.8491    0.5316   0.05998   0.01376   0.01251
     13/49     14.4G   0.03833  0.008744  0.005475   0.05255         1       640    0.8344    0.8472    0.8525    0.5512   0.06198   0.01327   0.01202
     14/49     14.4G   0.03762  0.008844  0.005306   0.05177        10       640    0.8095    0.8224     0.841    0.5056   0.06197   0.01283   0.01324
     15/49     14.4G    0.0355  0.008837  0.005287   0.04963         3       640    0.8621    0.8532    0.8852    0.5721   0.05731   0.01292   0.01179
     16/49     14.4G   0.03474  0.008647  0.004969   0.04835        11       640    0.8372    0.8711     0.878    0.5858   0.05403   0.01261   0.01089
     17/49     14.4G   0.03404    0.0087  0.004576   0.04732         1       640    0.8593    0.8792    0.8774    0.5502   0.05621   0.01285   0.01091
     18/49     14.4G   0.03396  0.008659  0.004433   0.04705        24       640    0.7377    0.8478    0.8376    0.5016   0.05597   0.01228   0.01061
     19/49     14.4G   0.03224   0.00845   0.00439   0.04508         2       640    0.8207    0.8822    0.8757    0.5881   0.05332    0.0125    0.0101
     20/49     14.4G   0.03191  0.008271  0.004034   0.04422         2       640    0.8264    0.8778    0.8819    0.6003   0.05356   0.01236   0.01025
     21/49     14.4G   0.03192  0.008397  0.004178   0.04449         0       640    0.8501    0.9106    0.8954     0.602   0.05311   0.01239  0.009916
     22/49     14.4G   0.03117  0.008182  0.003771   0.04312         1       640    0.8437    0.9088    0.9022    0.6187   0.05257   0.01227    0.0098
     23/49     14.4G    0.0308  0.007909  0.003988   0.04269         9       640      0.87    0.8857    0.9012    0.6141   0.05113   0.01228  0.009477
     24/49     14.4G   0.03011  0.008106  0.003758   0.04198         1       640    0.8467    0.9138    0.9065    0.6144   0.05026   0.01215  0.009493
     25/49     14.4G   0.02959  0.008025  0.003673   0.04129         6       640     0.863     0.907    0.9065    0.6024   0.04942   0.01198  0.009748
     26/49     14.4G   0.02976  0.008352  0.003837   0.04195         5       640    0.8425    0.9278    0.9032    0.6408    0.0497   0.01225  0.009472
     27/49     14.4G   0.02847  0.008192  0.003398   0.04007         0       640    0.8719     0.907     0.914     0.632   0.04794   0.01204  0.009123
     28/49     14.4G   0.02819  0.008012  0.003438   0.03964        17       640    0.8746    0.9187    0.9096    0.6345    0.0478   0.01238  0.009046
     29/49     14.4G   0.02887  0.008203  0.003546   0.04062         4       640    0.8351    0.9143    0.9018     0.635   0.04702    0.0121  0.009039
     30/49     14.4G   0.02796  0.007692  0.003269   0.03892         8       640    0.8709    0.9202    0.9135    0.6363     0.047     0.012  0.008997
     31/49     14.4G   0.02709  0.007844  0.003393   0.03832         8       640    0.8827    0.9318    0.9189     0.639   0.04654   0.01181   0.00881
     32/49     14.4G   0.02649  0.007578  0.003056   0.03712         2       640     0.881    0.9368    0.9228    0.6589   0.04661   0.01172  0.008616
     33/49     14.4G    0.0268  0.007769  0.003167   0.03773        14       640    0.8817    0.9328    0.9195    0.6568   0.04631   0.01173  0.008976
     34/49     14.4G   0.02614  0.007531  0.003124    0.0368         1       640    0.8924    0.9315    0.9294    0.6731   0.04574   0.01177  0.008817
     35/49     14.4G   0.02565  0.007704  0.002926   0.03628         9       640    0.8859    0.9283     0.921    0.6688   0.04577   0.01169  0.008645
     36/49     14.4G   0.02567  0.007765  0.002978   0.03641        22       640    0.8868    0.9299    0.9241    0.6662   0.04585    0.0116  0.008762
     37/49     14.4G   0.02557  0.007568  0.002829   0.03597         6       640    0.8877    0.9383     0.928     0.676   0.04555    0.0115  0.008681
     38/49     14.4G   0.02458  0.007481  0.002865   0.03493         0       640    0.8849    0.9326    0.9135    0.6632   0.04476   0.01147  0.008545
     39/49     14.4G   0.02443  0.007385  0.002944   0.03476         2       640     0.889     0.934    0.9193    0.6756    0.0443   0.01147  0.008445
     40/49     14.4G   0.02431  0.007176  0.002779   0.03427         0       640    0.8919    0.9329    0.9235    0.6777   0.04426   0.01163  0.008412
     41/49     14.4G   0.02409  0.007425  0.002814   0.03433         9       640    0.8835    0.9323    0.9157    0.6829   0.04386   0.01156  0.008382
     42/49     14.4G   0.02365  0.007187  0.002778   0.03362         7       640    0.8954    0.9329    0.9242    0.6833   0.04417   0.01157  0.008391
     43/49     14.4G   0.02328  0.006965  0.002685   0.03293         0       640    0.8757    0.9366    0.9207    0.6778   0.04412    0.0114  0.008309
     44/49     14.4G   0.02334  0.007261  0.002664   0.03326         3       640    0.8804    0.9462    0.9243    0.6883     0.044   0.01134  0.008286
     45/49     14.4G   0.02352  0.007021   0.00246     0.033         1       640    0.8842    0.9346    0.9229    0.6948   0.04344   0.01144  0.008375
     46/49     14.4G   0.02319  0.007012  0.002703   0.03291         4       640    0.8834    0.9379    0.9277    0.6893   0.04381   0.01152  0.008453
     47/49     14.4G    0.0233  0.006883  0.002722    0.0329        12       640    0.8751    0.9408    0.9259     0.688   0.04372   0.01146  0.008283
     48/49     14.4G   0.02323  0.006983  0.002793   0.03301        12       640    0.8954    0.9319     0.928    0.6919   0.04368    0.0114   0.00823
     49/49     14.4G     0.023  0.006957  0.002396   0.03235         1       640    0.8947    0.9306    0.9303    0.6947   0.04331   0.01119  0.008067
